42594
35424
6053
58180
53067
21669
35996
32641
60089
30798
53176
59747
37503
38717
39873
57286
62440
20169
49466
62014
698
37993
55583
7551
21464
58063
65136
23752
49721
4532
11977
45171
8916
32589
29771
24883
36912
31240
16248
63268
51634
16174
52550
20912
59019
4207
16454
3030
9772
49848
18948
17921
185
11463
12150
38136
8036
14246
22337
9121
34590
16143
56981
40166
50645
26546
20431
43643
13305
38409
8517
22292
34584
34177
10432
27780
51171
61022
30061
39692
54100
48162
48370
23719
36157
40826
42152
51168
53040
6552
3219
61399
31529
54213
12847
46322
21155
18710
3172
41267
49633
39429
58265
20271
33284
46568
36804
2196
11152
50683
22050
33839
50205
7223
28623
39166
17922
34443
23910
9920
46395
16667
20761
35500
47811
20484
56238
35549
64632
34737
20687
27343
38027
14684
57157
45343
38318
23837
29002
18733
29200
13160
4992
64526
14299
434
54621
33327
53141
37235
65361
37879
64742
2485
47334
45588
41427
12980
7851
53287
21762
3166
40050
29793
30232
15487
40709
14004
40236
23583
18674
12465
11439
48451
27322
58913
25975
20301
10206
23685
11250
49316
14887
34463
37163
38060
60216
18368
39839
21826
38065
12970
65505
19341
43091
49116
53571
50439
1828
8522
23594
7015
22349
37915
38878
51455
22538
15917
358
21291
8353
19246
26137
53791
11754
18030
42966
11450
325
10520
59294
39033
28320
29373
43806
44343
5418
64087
30584
707
39465
12841
19620
16156
18212
63363
19090
8243
34452
64227
18593
3924
15496
31481
4779
24326
11792
49306
29122
27325
4607
12355
54102
25167
45854
12884
52388
54731
58984
56141
31730
55756
23166
31722
53666
23615
16328
54174
39579
34537
64856
59780
4263
41760
3478
54813
9602
10798
24997
30133
28689
39785
27363
56868
59704
27834
63996
64805
42175
20520
19009
19680
41939
63895
51488
36054
20205
12005
58454
50239
13823
58103
35091
643
23662
21931
6516
49400
40013
8111
49278
152
61029
58877
62914
11617
38004
25985
9376
2505
1425
6277
11962
56602
60222
58629
33090
29258
42448
53601
49156
8156
29009
29770
25394
46886
63075
49481
50434
24531
32298
34170
60761
46652
8732
46064
19339
3679
47578
57102
37749
13276
24462
34924
9133
63539
40815
27512
61692
5400
38603
29821
40810
30734
51985
40510
38325
47147
36702
40948
52440
58785
45116
56549
27920
56995
28298
55719
62483
3147
50607
4672
22606
44836
37622
9127
2518
27595
36314
4834
44786
28391
34900
6310
22221
33556
9216
49641
39964
46436
58022
47298
51930
27588
8012
62789
47806
1718
20018
38
21216
39701
44680
61756
58834
62379
1615
50739
3807
45878
51265
62172
60673
6298
12938
51234
30057
61010
11391
43380
49489
38495
24287
28245
18618
53966
48732
44919
47337
60199
24832
53187
49397
36473
27941
2883
48105
25322
33246
45875
30310
36022
32207
32943
34788
45486
45043
53826
26042
39384
34532
1129
47763
44037
54286
28237
57220
11331
55878
62073
65456
31830
8068
23507
21401
14842
26955
49534
37153
9699
20514
1249
45067
22463
26928
52337
13285
41117
29496
34704
31430
48353
7897
29959
65373
23357
42635
442
58412
11610
16978
20729
34800
31538
45867
20324
53285
47594
23454
19667
31006
50249
9040
64896
14965
48188
21426
44814
18049
44096
41432
63238
27239
29523
13746
44690
24146
49294
1795
32399
8468
10945
50645
57320
13168
12054
29560
23272
19657
58727
9338
5305
34813
62623
16328
47438
54114
6863
11605
26974
40212
60978
21483
11324
46231
13383
41928
9382
20264
52414
44907
23057
7317
7517
34501
48651
45581
46259
34881
25324
65113
26978
6092
55047
29381
9563
27539
49527
29868
17937
14829
13369
8324
40496
14547
28319
30648
45445
52950
52105
33166
23163
42238
23632
27788
12301
41304
52366
17376
26093
12520
61380
45846
35996
15857
8391
44236
16135
8923
6
40533
1240
54072
16770
26090
13949
8445
412
12765
40969
54606
27006
10523
48373
32564
29839
38629
22125
43164
6292
55404
55998
12434
24133
31354
7340
2441
38919
33314
8035
37224
38103
28051
56693
16378
44610
60477
28995
60567
58839
61207
59780
28344
63765
34358
18310
46017
44734
65312
27798
30736
30156
2759
792
57188
20849
64000
1023
599
38575
44798
19850
53526
2954
214
43512
8213
58803
30458
40692
24397
7005
25790
50912
262
40062
11262
20047
26504
51689
24800
24544
55872
51714
31423
55751
24767
58666
61164
2265
58648
38477
62499
26382
60752
29299
43220
30069
60837
62806
1487
54704
22783
58579
31160
17341
27383
41436
33591
8159
17565
61355
22385
57511
33887
35247
781
12373
32371
8678
23836
13659
47197
60651
10319
50722
11150
53902
26259
8766
4887
20993
59719
31137
62336
35756
48073
43771
870
6292
2609
30674
54584
3229
29270
7433
59101
58765
19575
5094
43264
12638
60105
26753
22119
23265
18082
57525
6345
34929
13940
22831
5705
36343
29808
40545
1355
9558
16853
23603
19884
30629
53686
60020
58291
18893
22224
1194
21254
10536
15871
19235
40142
54341
59736
36900
60413
59811
64008
57495
56312
65084
43067
16869
22685
32755
52104
49501
35136
55665
31538
35392
58106
54513
46832
51553
24449
10027
28265
38264
62876
51827
51723
27923
11364
39155
35617
3072
60492
39835
9637
62617
19851
18060
17435
33804
60438
23360
20392
23858
27486
10493
27629
25278
4268
11671
55894
299
18220
46846
41598
45416
9836
43605
39054
4357
44965
21278
50745
47538
63930
27889
59964
55989
21476
6256
15549
4503
64883
14536
10089
54805
14972
46736
54806
7820
43946
16194
54164
28663
5964
31318
42185
64829
36076
1598
3637
38763
38923
21639
25661
10683
17350
9573
43163
8999
1232
44117
61006
14855
21321
37158
25747
16177
16132
3972
53257
31566
39104
29306
8821
13604
16002
24188
17642
18503
39380
39609
12429
3008
43486
59053
48923
32131
55774
31518
33031
44183
3074
63997
43654
34476
25115
10169
18119
30986
30377
63018
18361
7665
35318
22007
23758
31210
5746
23399
21236
64806
54714
30461
59184
40810
23151
34178
43741
28252
29501
1658
53153
55605
54924
55150
20915
57319
30069
59061
6946
10462
62762
44288
62201
24105
28910
10997
39274
13052
57788
13099
36595
7052
33959
384
6641
15771
54099
23322
3185
64894
11201
34531
9684
64736
859
30951
14530
31595
28165
11318
14579
2315
